eye 50 50 100
look 50 50 10
up 0 1 0
d 5
bounds -2 -2 2 2
res 512 512
recursionLevel 6
ambient .2 .2 .2
light 20 100 100 1 .75 .75 .75
light 90 90 100 1 0.7 0.4 0.4
sphere 35 60 20 9 1 0 0 1 0 0 1 1 1 .9 .9 .9 1 1 1 32 1.3
sphere 65 60 20 9 0 1 0 0 1 0 1 1 1 .9 .9 .9 1 1 1 32 1.3
sphere 50 35 20 9 1 1 0 1 1 0 1 1 1 .9 .9 .9 1 1 1 32 1.3
sphere 50 65 30 9 1 1 0 1 1 0 1 1 1 .9 .9 .9 1 1 1 32 1.3
sphere 65 44 30 9 .5 0 .5 1 0 0 1 1 1 .9 .9 .9 1 1 1 32 1.3
sphere 38 40 30 9 .5 .2 .4 0 1 0 1 1 1 .7 .7 .7 1 1 1 32 1.3
sphere 50 50 50 9 0 0 1 0 0 1 .5 .5 .5 .7 .7 .7 .8 .8 .8 32 2