1,39,50,27,9959 - 10000
2,51,40,7,98304 - 100000
3,71,34,39,96735 - 96757
4,41,43,5,96758 - 96836
5,2,6,47,9678 - 9694
6,38,12,30,96837 - 96867
7,19,38,2,96868 - 97033
8,61,2,40,9695 - 9721
9,73,40,30,97034 - 97109
10,40,25,23,97110 - 97139
11,67,3,12,97140 - 97319
12,87,47,47,9722 - 9786
13,36,24,24,97320 - 97430
14,13,23,14,97431 - 97517
15,90,28,9,97518 - 97584
16,42,5,28,97585 - 97689
17,50,27,27,97690 - 97868
18,4,22,45,97869 - 97987
19,24,49,33,9787 - 9958
20,54,46,44,97988 - 98069
21,16,45,38,98070 - 98154
22,52,28,38,98155 - 98303
23,88,33,48,982 - 1035
24,72,25,31,96669 - 96734
25,60,10,38,96593 - 96668
26,74,1,36,9658 - 9677
27,87,37,44,96461 - 96592
28,39,39,13,96410 - 96460
29,42,39,47,96242 - 96409
30,58,38,8,96087 - 96241
31,45,50,45,95995 - 96086
32,8,26,15,95939 - 95994
33,8,18,35,95923 - 95938
34,42,23,15,95907 - 95922
35,99,46,46,95832 - 95906
36,92,13,17,95721 - 95831
37,97,44,9,95639 - 95720
38,47,34,18,95534 - 95638
39,94,1,8,95376 - 95533
40,3,33,37,95331 - 95375
41,14,1,27,95301 - 95330
42,30,15,23,95166 - 95300
43,18,13,5,94998 - 95165
44,7,30,11,94908 - 94997
45,56,1,18,94838 - 94907
46,46,3,40,948 - 981
47,17,40,25,9478 - 9657
48,80,46,3,94751 - 94837
49,75,35,23,94658 - 94750
50,32,46,41,94627 - 94657
51,57,49,31,94480 - 94626
52,48,32,26,94323 - 94479
53,41,31,3,94308 - 94322
54,97,24,6,94235 - 94307
55,61,5,21,94124 - 94234
56,97,21,19,94079 - 94123
57,86,48,12,94029 - 94078
58,6,40,16,93858 - 94028
59,44,42,26,93682 - 93857
60,16,12,47,93661 - 93681
61,38,44,12,9354 - 9477
62,77,30,1,93530 - 93660
63,12,36,30,93479 - 93529
64,42,42,47,93368 - 93478
65,51,23,42,9336 - 9353
66,18,16,38,93256 - 93367
67,36,24,15,93234 - 93255
68,40,40,46,93195 - 93233
69,15,48,28,93036 - 93194
70,86,35,37,93008 - 93035
71,79,43,23,92835 - 93007
72,12,39,20,92680 - 92834
73,4,19,36,92540 - 92679
74,43,30,9,9249 - 9335
75,71,47,16,92404 - 92539
76,25,21,7,92237 - 92403
77,1,23,10,92202 - 92236
78,89,41,31,92189 - 92201
79,84,7,17,92065 - 92188
80,95,1,49,91930 - 92064
81,31,12,17,91862 - 91929
82,55,13,29,91757 - 91861
83,73,23,29,91709 - 91756
84,65,11,10,917 - 947
85,52,25,13,91587 - 91708
86,49,31,38,91492 - 91586
87,25,9,29,91409 - 91491
88,67,36,36,9129 - 9248
89,22,33,28,91255 - 91408
90,47,12,18,91140 - 91254
91,23,4,18,91075 - 91139
92,55,33,6,90971 - 91074
93,69,2,9,90947 - 90970
94,80,2,34,90783 - 90946
95,97,38,11,90759 - 90782
96,45,42,37,90675 - 90758
97,76,21,8,90548 - 90674
98,44,8,33,90507 - 90547
99,20,12,34,90406 - 90506
100,3,45,31,90307 - 90405
101,57,4,23,90144 - 90306
102,27,14,19,90106 - 90143
103,83,31,41,90081 - 90105
104,72,16,17,89909 - 90080
105,73,26,47,89773 - 89908
106,82,47,22,8976 - 9128
107,4,32,34,89705 - 89772
108,59,5,9,89549 - 89704
109,81,13,11,89494 - 89548
110,23,41,34,89359 - 89493
111,7,39,4,89325 - 89358
112,53,45,27,89152 - 89324
113,69,4,42,8903 - 8975
114,30,37,5,88992 - 89151
115,25,3,46,88945 - 88991
116,51,4,38,889 - 916
117,66,16,13,8885 - 8902
118,8,40,30,88816 - 88944
119,89,22,43,88800 - 88815
120,57,46,38,88731 - 88799
121,85,16,40,88604 - 88730
122,28,15,50,88456 - 88603
123,84,42,9,88394 - 88455
124,39,18,42,88326 - 88393
125,38,9,7,88254 - 88325
126,4,25,23,88095 - 88253
127,71,44,3,88024 - 88094
128,30,30,49,87905 - 88023
129,22,47,43,87806 - 87904
130,58,18,14,87672 - 87805
131,15,7,26,87614 - 87671
132,47,30,5,87438 - 87613
133,29,41,36,87417 - 87437
134,57,13,24,87264 - 87416
135,85,36,10,8720 - 8884
136,99,14,26,87154 - 87263
137,61,39,20,87076 - 87153
138,51,39,39,86900 - 87075
139,11,4,50,86838 - 86899
140,33,24,36,86818 - 86837
141,63,48,47,86741 - 86817
142,83,6,28,86633 - 86740
143,73,45,44,86613 - 86632
144,19,48,46,86444 - 86612
145,27,39,46,86408 - 86443
146,78,39,17,86288 - 86407
147,41,31,42,86135 - 86287
148,8,20,6,86005 - 86134
149,18,13,45,85944 - 86004
150,54,31,22,85785 - 85943
151,1,26,38,85746 - 85784
152,25,11,42,85651 - 85745
153,44,35,35,85575 - 85650
154,88,30,19,85453 - 85574
155,12,28,35,8540 - 8719
156,5,39,35,854 - 888
157,17,29,42,85283 - 85452
158,49,16,48,85268 - 85282
159,78,9,43,85173 - 85267
160,35,39,37,85033 - 85172
161,69,19,28,84855 - 85032
162,99,29,12,84821 - 84854
163,62,38,46,84641 - 84820
164,79,40,38,8452 - 8539
165,20,37,18,84504 - 84640
166,97,14,34,84339 - 84503
167,49,19,2,84309 - 84338
168,94,25,45,84149 - 84308
169,23,33,48,83981 - 84148
170,94,44,40,83933 - 83980
171,32,26,17,83879 - 83932
172,13,18,47,8375 - 8451
173,72,44,18,83744 - 83878
174,39,35,22,83634 - 83743
175,72,1,36,83563 - 83633
176,33,22,2,83522 - 83562
177,4,45,40,8341 - 8374
178,90,19,18,83352 - 83521
179,85,20,42,83327 - 83351
180,77,32,7,83205 - 83326
181,92,1,10,8315 - 8340
182,70,45,2,83025 - 83204
183,76,37,28,82889 - 83024
184,78,3,27,82877 - 82888
185,45,9,31,82811 - 82876
186,97,43,39,82769 - 82810
187,40,28,8,82672 - 82768
188,8,39,44,82627 - 82671
189,85,18,40,82532 - 82626
190,21,38,36,82403 - 82531
191,78,16,44,82241 - 82402
192,25,9,50,821 - 853
193,46,13,36,82088 - 82240
194,89,25,22,8196 - 8314
195,81,31,37,81940 - 82087
196,43,30,23,8185 - 8195
197,36,13,49,81795 - 81939
198,53,45,21,81764 - 81794
199,8,7,46,81640 - 81763
200,54,7,50,81546 - 81639
201,38,16,38,81404 - 81545
202,59,34,26,81224 - 81403
203,48,19,4,81106 - 81223
204,63,6,21,81040 - 81105
205,21,40,18,80916 - 81039
206,25,4,39,80872 - 80915
207,61,16,9,80734 - 80871
208,98,32,45,80686 - 80733
209,85,42,33,80610 - 80685
210,2,22,22,80504 - 80609
211,5,47,34,80458 - 80503
212,1,27,5,80356 - 80457
213,81,26,45,8035 - 8184
214,9,43,47,80308 - 80355
215,44,32,43,80194 - 80307
216,14,27,20,80058 - 80193
217,47,36,23,79915 - 80057
218,70,45,50,79841 - 79914
219,72,43,7,79685 - 79840
220,84,12,47,79507 - 79684
221,17,12,35,79327 - 79506
222,18,2,13,79225 - 79326
223,81,1,27,79122 - 79224
224,29,43,5,78973 - 79121
225,32,40,42,78826 - 78972
226,36,27,17,78805 - 78825
227,25,23,11,78641 - 78804
228,87,22,47,78625 - 78640
229,87,30,48,7860 - 8034
230,34,50,8,78452 - 78624
231,23,11,41,78368 - 78451
232,40,32,35,78234 - 78367
233,48,11,20,78123 - 78233
234,57,36,1,73301 - 73435
235,96,49,18,73436 - 73570
236,35,5,24,7350 - 7523
237,49,45,50,73571 - 73632
238,68,34,11,73633 - 73698
239,64,16,25,73699 - 73847
240,24,19,47,73848 - 74021
241,47,42,6,74022 - 74149
242,56,9,27,74150 - 74185
243,11,26,30,74186 - 74340
244,84,49,1,74341 - 74472
245,86,3,23,74473 - 74632
246,53,14,47,74633 - 74781
247,28,29,36,74782 - 74896
248,18,45,16,74897 - 75050
249,88,30,19,75051 - 75230
250,9,22,21,75231 - 75355
251,57,42,16,7524 - 7684
252,76,10,36,75356 - 75512
253,53,5,15,75513 - 75692
254,71,31,42,75693 - 75802
255,69,13,37,75803 - 75884
256,24,7,22,75885 - 75944
257,9,36,34,75945 - 75964
258,58,17,17,75965 - 76143
259,73,2,24,76144 - 76238
260,48,41,25,76239 - 76312
261,36,20,4,76313 - 76404
262,13,43,22,76405 - 76498
263,81,15,19,76499 - 76510
264,96,44,10,76511 - 76541
265,64,22,23,76542 - 76608
266,97,3,50,76609 - 76731
267,44,30,46,76732 - 76871
268,86,9,39,7685 - 7859
269,53,12,24,76872 - 76963
270,21,23,30,76964 - 77058
271,70,37,6,77059 - 77133
272,83,47,11,77134 - 77238
273,17,17,43,77239 - 77377
274,60,12,37,77378 - 77535
275,69,37,3,77536 - 77627
276,75,12,19,77628 - 77713
277,68,33,3,77714 - 77733
278,63,43,38,77734 - 77855
279,49,17,25,77856 - 77934
280,6,24,27,77935 - 77992
281,31,31,23,77993 - 78122
282,91,7,37,73163 - 73300
283,50,36,23,73107 - 73162
284,28,4,20,73026 - 73106
285,15,29,23,72905 - 73025
286,32,4,6,72761 - 72904
287,42,41,20,72727 - 72760
288,94,15,45,7257 - 7349
289,74,7,49,72558 - 72726
290,56,26,36,72527 - 72557
291,82,38,2,72499 - 72526
292,31,20,37,7243 - 7256
293,10,50,42,72399 - 72498
294,31,23,12,72319 - 72398
295,2,5,38,7230 - 7242
296,20,41,28,72178 - 72318
297,60,36,28,72061 - 72177
298,15,23,43,71916 - 72060
299,58,25,50,71872 - 71915
300,99,30,2,71845 - 71871
301,54,46,13,71747 - 71844
302,56,2,26,71590 - 71746
303,78,50,43,71567 - 71589
304,26,20,18,71527 - 71566
305,87,19,8,71478 - 71526
306,81,14,5,71439 - 71477
307,56,43,47,71295 - 71438
308,71,47,2,71212 - 71294
309,41,18,10,71087 - 71211
310,77,47,38,70949 - 71086
311,13,36,4,7093 - 7229
312,28,20,13,70818 - 70948
313,98,29,15,70695 - 70817
314,39,49,41,70591 - 70694
315,99,34,25,70568 - 70590
316,24,50,2,70402 - 70567
317,6,32,36,70306 - 70401
318,67,7,40,70149 - 70305
319,48,17,27,70096 - 70148
320,19,33,21,70048 - 70095
321,49,40,50,69921 - 70047
322,68,19,22,69849 - 69920
323,64,49,11,6978 - 7092
324,84,20,4,69675 - 69848
325,19,19,20,69507 - 69674
326,53,2,40,69402 - 69506
327,50,9,2,69341 - 69401
328,75,9,28,69255 - 69340
329,54,13,29,69090 - 69254
330,1,30,32,68991 - 69089
331,91,37,21,68893 - 68990
332,19,29,43,68743 - 68892
333,42,49,2,68608 - 68742
334,53,38,43,68534 - 68607
335,20,4,2,68397 - 68533
336,21,23,21,68259 - 68396
337,17,46,4,6819 - 6977
338,22,49,33,68186 - 68258
339,23,9,23,68073 - 68185
340,13,10,23,68002 - 68072
341,44,15,16,67910 - 68001
342,85,11,46,67870 - 67909
343,55,39,42,67852 - 67869
344,16,2,18,67821 - 67851
345,44,47,10,67660 - 67820
346,78,39,48,67625 - 67659
347,8,16,20,67609 - 67624
348,80,45,46,67533 - 67608
349,2,27,8,67517 - 67532
350,23,42,17,67361 - 67516
351,34,3,46,67299 - 67360
352,40,4,8,672 - 820
353,15,16,9,67174 - 67298
354,66,32,13,67078 - 67173
355,58,20,37,66923 - 67077
356,42,35,11,66795 - 66922
357,72,25,34,66762 - 66794
358,32,35,10,6673 - 6818
359,29,3,4,66668 - 66761
360,83,14,45,66560 - 66667
361,33,6,20,66448 - 66559
362,52,24,4,66388 - 66447
363,35,13,31,66280 - 66387
364,51,25,33,66211 - 66279
365,48,45,16,66132 - 66210
366,76,26,33,66056 - 66131
367,27,19,46,66023 - 66055
368,7,34,4,65885 - 66022
369,48,32,44,65749 - 65884
370,65,22,12,65599 - 65748
371,72,30,34,65526 - 65598
372,92,26,9,65435 - 65525
373,79,47,14,6540 - 6672
374,75,18,49,65326 - 65434
375,57,20,24,65254 - 65325
376,24,4,5,65237 - 65253
377,79,15,33,65104 - 65236
378,48,48,9,65046 - 65103
379,53,44,2,64876 - 65045
380,52,5,1,64772 - 64875
381,100,22,42,64642 - 64771
382,98,30,22,64621 - 64641
383,75,19,1,64455 - 64620
384,25,48,42,64366 - 64454
385,19,14,8,64311 - 64365
386,19,36,28,64164 - 64310
387,48,20,25,64111 - 64163
388,23,45,6,6400 - 6539
389,39,12,38,63975 - 64110
390,87,50,40,63922 - 63974
391,11,13,9,63768 - 63921
392,27,45,26,63734 - 63767
393,3,44,19,63568 - 63733
394,66,49,25,63441 - 63567
395,78,20,20,63352 - 63440
396,78,34,41,63333 - 63351
397,37,18,22,63200 - 63332
398,89,14,8,63180 - 63199
399,65,43,40,6315 - 6399
400,52,49,27,6304 - 6314
401,73,19,43,63023 - 63179
402,58,25,5,62982 - 63022
403,21,10,3,62970 - 62981
404,89,31,49,62945 - 62969
405,19,36,37,62924 - 62944
406,14,15,41,62867 - 62923
407,72,3,48,62784 - 62866
408,21,20,14,62769 - 62783
409,15,49,3,62748 - 62768
410,64,4,11,62598 - 62747
411,10,16,16,62562 - 62597
412,70,28,41,62532 - 62561
413,4,42,9,62444 - 62531
414,20,12,8,62413 - 62443
415,31,10,10,62282 - 62412
416,99,38,33,62158 - 62281
417,21,11,5,62085 - 62157
418,81,12,31,62041 - 62084
419,55,4,29,61864 - 62040
420,79,35,22,61685 - 61863
421,16,20,48,61550 - 61684
422,85,13,35,61393 - 61549
423,35,7,25,6136 - 6303
424,85,21,28,61290 - 61392
425,74,5,15,61116 - 61289
426,43,9,41,61040 - 61115
427,86,44,19,60945 - 61039
428,51,50,41,60780 - 60944
429,37,50,15,60708 - 60779
430,1,19,39,60672 - 60707
431,21,1,45,6060 - 6135
432,57,18,5,60589 - 60671
433,50,36,34,60527 - 60588
434,44,26,41,60480 - 60526
435,74,38,4,60446 - 60479
436,6,14,48,60424 - 60445
437,23,43,44,60358 - 60423
438,8,26,40,60266 - 60357
439,50,43,4,60213 - 60265
440,55,20,49,60058 - 60212
441,58,44,28,59947 - 60057
442,73,34,6,59826 - 59946
443,82,44,10,59722 - 59825
444,37,49,44,59582 - 59721
445,27,11,4,59557 - 59581
446,67,8,5,59439 - 59556
447,31,40,29,59261 - 59438
448,84,18,18,59186 - 59260
449,56,48,33,59064 - 59185
450,4,8,4,58997 - 59063
451,7,34,38,58984 - 58996
452,28,36,24,5898 - 6059
453,100,37,20,58836 - 58983
454,80,30,29,58681 - 58835
455,52,15,5,58539 - 58680
456,7,31,26,58393 - 58538
457,83,42,9,58256 - 58392
458,1,20,42,58083 - 58255
459,72,15,13,57940 - 58082
460,41,32,4,57851 - 57939
461,46,17,30,57763 - 57850
462,62,28,43,57711 - 57762
463,4,20,17,57676 - 57710
464,69,40,36,57544 - 57675
465,53,28,18,5753 - 5897
466,89,38,27,57389 - 57543
467,32,14,3,5738 - 5752
468,59,23,1,57265 - 57388
469,82,42,11,57144 - 57264
470,87,11,14,57133 - 57143
471,30,42,34,57005 - 57132
472,68,31,21,56869 - 57004
473,67,29,36,56790 - 56868
474,77,26,30,56640 - 56789
475,27,41,48,56574 - 56639
476,92,22,44,56551 - 56573
477,19,43,17,56484 - 56550
478,9,26,12,56371 - 56483
479,31,20,42,56249 - 56370
480,62,21,15,5623 - 5737
481,40,43,33,56198 - 56248
482,75,44,19,56028 - 56197
483,38,22,30,55902 - 56027
484,93,18,19,55791 - 55901
485,82,18,22,55691 - 55790
486,42,49,6,55649 - 55690
487,86,10,8,5562 - 5622
488,28,15,4,55535 - 55648
489,85,15,38,5539 - 5561
490,50,31,36,55377 - 55534
491,17,36,21,55309 - 55376
492,11,11,20,552 - 671
493,11,17,32,55159 - 55308
494,32,1,45,55046 - 55158
495,53,17,16,54885 - 55045
496,38,8,10,54805 - 54884
497,85,16,39,54645 - 54804
498,53,7,21,54520 - 54644
499,87,8,13,54502 - 54519
500,26,34,3,54428 - 54501
501,9,9,49,54362 - 54427
502,15,7,9,54266 - 54361
503,16,21,32,54251 - 54265
504,47,37,26,54194 - 54250
505,51,28,39,54121 - 54193
506,78,12,2,54102 - 54120
507,60,22,8,5407 - 5538
508,96,20,32,53987 - 54101
509,72,7,15,53890 - 53986
510,21,46,29,53875 - 53889
511,29,6,47,53778 - 53874
512,91,30,39,53650 - 53777
513,59,14,41,53576 - 53649
514,43,22,9,53526 - 53575
515,22,27,18,5348 - 5406
516,33,24,47,53391 - 53525
517,75,34,28,53244 - 53390
518,1,10,13,53128 - 53243
519,89,2,28,52973 - 53127
520,85,44,14,52924 - 52972
521,26,12,39,52873 - 52923
522,75,27,42,52733 - 52872
523,55,3,21,52703 - 52732
524,92,40,8,52523 - 52702
525,11,47,18,52378 - 52522
526,22,33,31,52220 - 52377
527,52,5,23,52041 - 52219
528,48,18,42,5201 - 5347
529,39,37,35,51984 - 52040
530,60,40,30,51837 - 51983
531,35,40,15,51662 - 51836
532,18,30,1,5163 - 5200
533,82,33,4,51500 - 51661
534,83,8,41,51340 - 51499
535,39,48,27,51233 - 51339
536,67,26,16,5121 - 5162
537,99,24,39,51180 - 51232
538,73,19,45,51111 - 51179
539,91,30,34,50940 - 51110
540,21,13,12,50886 - 50939
541,32,46,8,50718 - 50885
542,84,18,10,5056 - 5120
543,18,33,43,50556 - 50717
544,35,36,37,50401 - 50555
545,86,39,20,50281 - 50400
546,66,12,9,50261 - 50280
547,42,43,46,50244 - 50260
548,74,18,37,50070 - 50243
549,100,14,1,50028 - 50069
550,21,24,40,49950 - 50027
551,46,25,43,49894 - 49949
552,90,11,45,49826 - 49893
553,78,18,24,49766 - 49825
554,51,31,24,49703 - 49765
555,16,16,26,49525 - 49702
556,78,1,1,49350 - 49524
557,27,20,21,49203 - 49349
558,100,8,3,49123 - 49202
559,5,41,9,4908 - 5055
560,95,29,13,49066 - 49122
561,83,24,27,49000 - 49065
562,52,49,43,48908 - 48999
563,93,17,5,48732 - 48907
564,23,42,40,48600 - 48731
565,100,8,8,48523 - 48599
566,97,3,27,48474 - 48522
567,12,1,7,48452 - 48473
568,25,12,27,48349 - 48451
569,98,48,15,48187 - 48348
570,53,23,18,48139 - 48186
571,53,37,14,48024 - 48138
572,51,4,44,47974 - 48023
573,33,6,22,47871 - 47973
574,59,48,42,4780 - 4907
575,18,44,50,47746 - 47870
576,18,41,32,47640 - 47745
577,20,42,24,47485 - 47639
578,9,21,23,47459 - 47484
579,27,38,38,4735 - 4779
580,25,28,15,47322 - 47458
581,14,4,20,47154 - 47321
582,76,7,20,470 - 551
583,93,44,21,46985 - 47153
584,68,16,21,46913 - 46984
585,70,43,47,46842 - 46912
586,48,17,35,46727 - 46841
587,42,21,34,46603 - 46726
588,98,50,9,46584 - 46602
589,69,27,19,46451 - 46583
590,26,35,37,4641 - 4734
591,16,35,15,46396 - 46450
592,59,22,1,46231 - 46395
593,14,19,27,46169 - 46230
594,39,12,15,46131 - 46168
595,58,38,32,46034 - 46130
596,47,44,49,4598 - 4640
597,21,27,43,45953 - 46033
598,98,42,48,45843 - 45952
599,37,20,37,45754 - 45842
600,97,46,17,45651 - 45753
601,3,3,15,4560 - 4597
602,16,29,19,45555 - 45650
603,67,41,14,45379 - 45554
604,59,32,39,45214 - 45378
605,72,46,23,45119 - 45213
606,32,12,34,45023 - 45118
607,84,21,21,44852 - 45022
608,21,3,31,44699 - 44851
609,93,47,36,44581 - 44698
610,61,20,15,44521 - 44580
611,93,48,33,44458 - 44520
612,93,40,50,44309 - 44457
613,8,24,13,44199 - 44308
614,60,4,22,44128 - 44198
615,2,32,40,44086 - 44127
616,71,44,31,4406 - 4559
617,33,29,48,43967 - 44085
618,69,30,30,43867 - 43966
619,61,30,40,43698 - 43866
620,59,46,10,43553 - 43697
621,2,35,41,43536 - 43552
622,7,16,41,43385 - 43535
623,69,28,49,43243 - 43384
624,66,8,28,43139 - 43242
625,4,31,48,43077 - 43138
626,50,48,33,42976 - 43076
627,98,36,29,42827 - 42975
628,63,5,14,42796 - 42826
629,58,10,19,42658 - 42795
630,100,1,28,42536 - 42657
631,21,9,37,425 - 469
632,100,49,8,42400 - 42535
633,38,35,39,4233 - 4405
634,94,49,14,42240 - 42399
635,92,23,27,42177 - 42239
636,11,39,39,42140 - 42176
637,50,16,16,41974 - 42139
638,9,7,30,41891 - 41973
639,100,46,49,4178 - 4232
640,40,45,36,41756 - 41890
641,83,8,42,41675 - 41755
642,92,21,38,41549 - 41674
643,100,15,5,41399 - 41548
644,64,25,6,41370 - 41398
645,71,23,39,41298 - 41369
646,8,1,5,41231 - 41297
647,46,10,4,41125 - 41230
648,83,41,46,40963 - 41124
649,17,45,46,40930 - 40962
650,15,19,48,40878 - 40929
651,18,24,14,40794 - 40877
652,17,9,23,40628 - 40793
653,26,18,35,40548 - 40627
654,99,23,31,40450 - 40547
655,13,37,19,4033 - 4177
656,20,19,35,40273 - 40449
657,47,23,34,40186 - 40272
658,16,19,14,4005 - 4032
659,73,37,36,40008 - 40185
660,23,9,4,39987 - 40007
661,80,17,44,39955 - 39986
662,29,29,12,39867 - 39954
663,52,48,45,39693 - 39866
664,75,11,40,3954 - 4004
665,14,31,7,39513 - 39692
666,73,5,12,39442 - 39512
667,70,31,48,39306 - 39441
668,77,4,46,39250 - 39305
669,91,23,40,39072 - 39249
670,62,30,26,38900 - 39071
671,99,28,41,38796 - 38899
672,58,14,46,38669 - 38795
673,61,23,5,38551 - 38668
674,90,38,30,38451 - 38550
675,91,20,4,38318 - 38450
676,15,18,8,38238 - 38317
677,16,22,18,3822 - 3953
678,39,10,25,38126 - 38237
679,3,11,15,3808 - 3821
680,18,28,2,38030 - 38125
681,46,21,16,37990 - 38029
682,73,39,28,3790 - 3807
683,97,13,50,37815 - 37989
684,24,50,32,37794 - 37814
685,27,30,8,37629 - 37793
686,57,4,24,37520 - 37628
687,30,42,21,37492 - 37519
688,89,14,8,37360 - 37491
689,77,13,17,37306 - 37359
690,24,25,30,37172 - 37305
691,41,29,7,37061 - 37171
692,73,19,17,37034 - 37060
693,45,32,42,3702 - 3789
694,71,27,50,36920 - 37033
695,66,15,34,36871 - 36919
696,42,44,2,36761 - 36870
697,64,30,8,36734 - 36760
698,12,18,25,36610 - 36733
699,2,30,27,36569 - 36609
700,48,9,26,36409 - 36568
701,77,21,24,36259 - 36408
702,13,29,43,36210 - 36258
703,77,35,42,36154 - 36209
704,76,25,39,36124 - 36153
705,16,33,44,36018 - 36123
706,77,1,39,35957 - 36017
707,35,46,50,35842 - 35956
708,5,28,16,3571 - 3701
709,79,13,32,35692 - 35841
710,11,49,14,35631 - 35691
711,94,43,14,35606 - 35630
712,83,49,21,35570 - 35605
713,6,42,49,35556 - 35569
714,11,25,16,35507 - 35555
715,26,42,11,35442 - 35506
716,77,50,22,35269 - 35441
717,6,33,12,35096 - 35268
718,78,21,49,35002 - 35095
719,77,15,28,34867 - 35001
720,95,41,14,34848 - 34866
721,87,26,34,3481 - 3570
722,80,38,19,34752 - 34847
723,97,44,30,34614 - 34751
724,4,37,16,34581 - 34613
725,70,3,39,34542 - 34580
726,24,3,2,34372 - 34541
727,72,18,12,34233 - 34371
728,72,50,46,34062 - 34232
729,45,45,39,33941 - 34061
730,95,39,9,33818 - 33940
731,5,16,30,3378 - 3480
732,79,32,16,33663 - 33817
733,77,10,27,33598 - 33662
734,64,3,12,335 - 424
735,58,32,7,33453 - 33597
736,8,50,44,3345 - 3377
737,45,43,32,33333 - 33452
738,6,50,17,33157 - 33332
739,44,33,13,33025 - 33156
740,25,21,12,32887 - 33024
741,28,40,30,32713 - 32886
742,10,31,6,32545 - 32712
743,56,43,35,3243 - 3344
744,67,4,19,32417 - 32544
745,24,37,39,32338 - 32416
746,81,41,37,32192 - 32337
747,45,1,16,32071 - 32191
748,29,32,2,31983 - 32070
749,93,46,35,31931 - 31982
750,73,12,39,31847 - 31930
751,97,13,49,31677 - 31846
752,44,45,47,31556 - 31676
753,69,31,44,3143 - 3242
754,66,41,1,31399 - 31555
755,22,33,47,31339 - 31398
756,6,46,31,31264 - 31338
757,53,24,43,31141 - 31263
758,60,33,46,31046 - 31140
759,6,3,20,30953 - 31045
760,38,9,13,30814 - 30952
761,67,13,20,30636 - 30813
762,52,23,28,30499 - 30635
763,39,3,14,30421 - 30498
764,18,24,26,304 - 334
765,63,9,40,30325 - 30420
766,82,44,16,30256 - 30324
767,1,27,24,30092 - 30255
768,15,21,37,29922 - 30091
769,70,40,9,2975 - 3142
770,91,13,1,29744 - 29921
771,4,38,19,29624 - 29743
772,66,31,12,29542 - 29623
773,75,12,38,29394 - 29541
774,74,36,10,29298 - 29393
775,58,7,33,29228 - 29297
776,23,4,48,29091 - 29227
777,79,44,11,28983 - 29090
778,26,8,49,28805 - 28982
779,8,38,33,28694 - 28804
780,43,33,26,28613 - 28693
781,31,16,3,28524 - 28612
782,97,39,43,28369 - 28523
783,83,25,17,28303 - 28368
784,1,28,3,2823 - 2974
785,86,23,21,28179 - 28302
786,88,8,29,28033 - 28178
787,14,41,2,27905 - 28032
788,59,12,24,27762 - 27904
789,73,10,48,277 - 303
790,41,36,30,27684 - 27761
791,50,35,32,27626 - 27683
792,51,29,4,27539 - 27625
793,44,36,27,27442 - 27538
794,13,26,44,27422 - 27441
795,95,18,23,27340 - 27421
796,17,16,11,27243 - 27339
797,66,48,45,27065 - 27242
798,19,21,7,26999 - 27064
799,87,42,4,26964 - 26998
800,84,16,21,26885 - 26963
801,28,35,21,26873 - 26884
802,86,8,34,26729 - 26872
803,93,48,3,26677 - 26728
804,91,38,31,2661 - 2822
805,49,50,8,26588 - 26676
806,83,16,23,26450 - 26587
807,64,29,4,26336 - 26449
808,26,25,49,26309 - 26335
809,23,10,43,26215 - 26308
810,59,28,45,26124 - 26214
811,88,34,28,25996 - 26123
812,81,27,40,25847 - 25995
813,22,35,31,25748 - 25846
814,18,21,50,25602 - 25747
815,25,3,35,256 - 276
816,31,11,23,25568 - 25601
817,35,1,10,25471 - 25567
818,6,20,34,25371 - 25470
819,94,36,29,25350 - 25370
820,61,49,25,25276 - 25349
821,43,41,33,25252 - 25275
822,14,14,36,25102 - 25251
823,61,27,11,24968 - 25101
824,97,6,44,2494 - 2660
825,18,36,13,24898 - 24967
826,86,9,20,24827 - 24897
827,75,8,6,24692 - 24826
828,26,31,3,24566 - 24691
829,52,25,9,24547 - 24565
830,29,23,22,24408 - 24546
831,97,38,11,24319 - 24407
832,90,16,21,24168 - 24318
833,2,46,43,24116 - 24167
834,26,25,44,24051 - 24115
835,5,14,41,24024 - 24050
836,46,29,20,23856 - 24023
837,25,22,13,23830 - 23855
838,93,26,32,23780 - 23829
839,54,32,2,23632 - 23779
840,10,47,22,23454 - 23631
841,72,6,7,23403 - 23453
842,7,42,1,23305 - 23402
843,77,41,30,2323 - 2493
844,35,40,27,23229 - 23304
845,70,13,50,232 - 255
846,31,4,19,23099 - 23228
847,49,37,6,22933 - 23098
848,34,33,28,22770 - 22932
849,93,11,24,22692 - 22769
850,86,26,18,22671 - 22691
851,48,14,17,22598 - 22670
852,99,33,43,22460 - 22597
853,68,19,6,22340 - 22459
854,55,3,17,22303 - 22339
855,62,14,43,2224 - 2322
856,24,16,10,22198 - 22302
857,99,20,47,22077 - 22197
858,49,19,27,22016 - 22076
859,61,37,33,21930 - 22015
860,90,11,6,21902 - 21929
861,57,7,23,21748 - 21901
862,23,26,43,21690 - 21747
863,88,6,1,21675 - 21689
864,58,9,6,21605 - 21674
865,35,46,46,21488 - 21604
866,77,21,35,21430 - 21487
867,24,40,50,21351 - 21429
868,39,4,39,2132 - 2223
869,29,35,36,21278 - 21350
870,19,10,48,21183 - 21277
871,35,25,1,21029 - 21182
872,21,21,31,20942 - 21028
873,56,13,37,20780 - 20941
874,5,24,22,20600 - 20779
875,43,1,16,20568 - 20599
876,3,40,50,20468 - 20567
877,65,27,26,20448 - 20467
878,68,26,36,20436 - 20447
879,50,24,14,20290 - 20435
880,37,19,21,20264 - 20289
881,97,19,8,2011 - 2131
882,35,49,45,20085 - 20263
883,2,9,15,19975 - 20084
884,92,15,22,19820 - 19974
885,75,6,10,19777 - 19819
886,87,11,47,19607 - 19776
887,91,39,14,19479 - 19606
888,99,41,21,19460 - 19478
889,22,40,5,19385 - 19459
890,38,39,21,19363 - 19384
891,84,30,15,19342 - 19362
892,32,17,49,19279 - 19341
893,92,23,35,1927 - 2010
894,79,37,23,19207 - 19278
895,74,41,4,19147 - 19206
896,86,14,3,18983 - 19146
897,76,15,34,18952 - 18982
898,37,45,17,18923 - 18951
899,84,13,41,18838 - 18922
900,14,39,50,18733 - 18837
901,51,49,2,18671 - 18732
902,73,31,18,18611 - 18670
903,40,47,43,1850 - 1926
904,41,39,3,18453 - 18610
905,85,31,34,18382 - 18452
906,59,1,15,18269 - 18381
907,42,34,40,18171 - 18268
908,48,6,16,18029 - 18170
909,1,16,32,17878 - 18028
910,65,45,34,17855 - 17877
911,13,44,6,17839 - 17854
912,22,11,35,17716 - 17838
913,24,41,17,17572 - 17715
914,80,37,26,17535 - 17571
915,73,19,30,17455 - 17534
916,56,3,41,17339 - 17454
917,28,8,27,1717 - 1849
918,1,13,21,17162 - 17338
919,15,24,10,17093 - 17161
920,79,29,35,17070 - 17092
921,24,16,25,16926 - 17069
922,37,47,29,16753 - 16925
923,22,43,32,16708 - 16752
924,77,10,44,16539 - 16707
925,4,16,36,16442 - 16538
926,76,18,38,16301 - 16441
927,85,45,31,16134 - 16300
928,100,19,13,16020 - 16133
929,46,4,8,1602 - 1716
930,6,46,47,15923 - 16019
931,38,34,39,15809 - 15922
932,57,19,3,15696 - 15808
933,1,36,18,15525 - 15695
934,34,24,2,15488 - 15524
935,72,21,14,15471 - 15487
936,13,11,5,15417 - 15470
937,96,1,48,15384 - 15416
938,29,21,12,15257 - 15383
939,18,2,38,15230 - 15256
940,94,4,39,15080 - 15229
941,67,30,4,1501 - 1601
942,59,30,49,15005 - 15079
943,11,37,47,14842 - 15004
944,3,39,21,14670 - 14841
945,73,13,27,14647 - 14669
946,85,21,42,14594 - 14646
947,98,39,13,14521 - 14593
948,18,39,1,14357 - 14520
949,100,28,19,14197 - 14356
950,97,31,43,14158 - 14196
951,71,38,17,14097 - 14157
952,19,46,13,13959 - 14096
953,11,21,42,13798 - 13958
954,27,4,3,13679 - 13797
955,78,10,43,13583 - 13678
956,70,2,33,13495 - 13582
957,57,21,36,13450 - 13494
958,41,18,7,13342 - 13449
959,53,44,46,1334 - 1500
960,100,24,9,13248 - 13341
961,72,5,5,13124 - 13247
962,81,50,12,12992 - 13123
963,90,9,41,12980 - 12991
964,72,16,20,12957 - 12979
965,79,25,1,12881 - 12956
966,65,20,43,12762 - 12880
967,46,20,1,12637 - 12761
968,42,28,23,12532 - 12636
969,35,34,6,12511 - 12531
970,95,8,15,12392 - 12510
971,26,29,44,12272 - 12391
972,87,32,4,12215 - 12271
973,39,7,26,12117 - 12214
974,29,20,13,1208 - 1333
975,41,29,37,12005 - 12116
976,18,23,19,11912 - 12004
977,93,8,15,11800 - 11911
978,68,18,3,11641 - 11799
979,16,20,42,11592 - 11640
980,46,19,41,11489 - 11591
981,25,26,7,11473 - 11488
982,10,38,14,11446 - 11472
983,12,7,42,11376 - 11445
984,23,45,44,1135 - 1207
985,75,46,23,11275 - 11375
986,48,23,39,11250 - 11274
987,62,36,19,11070 - 11249
988,57,12,13,10892 - 11069
989,19,25,38,10767 - 10891
990,82,41,8,10623 - 10766
991,41,34,13,10597 - 10622
992,21,48,19,1055 - 1134
993,41,10,39,10420 - 10596
994,69,29,37,10409 - 10419
995,93,4,46,1036 - 1054
996,66,44,34,10351 - 10408
997,33,7,26,10288 - 10350
998,60,20,12,10120 - 10287
999,44,14,14,10001 - 10119
1000,69,31,32,0 - 231
